Theta2_grad =

 Columns 1 through 9:

  1.9275e-003  1.1884e-003  2.5577e-003  8.7462e-004  8.5034e-004  7.8362e-004  1.5700e-003  -1.4498e-003  1.8086e-003
  5.9560e-003  3.2421e-003  1.5465e-003  4.3716e-003  4.7151e-003  4.9611e-003  2.0827e-003  1.5750e-003  3.5008e-003
  4.4556e-003  4.2068e-003  3.6567e-003  1.5756e-003  2.5158e-003  5.4732e-003  1.0489e-003  2.2100e-003  4.5392e-003
  -1.5041e-003  -4.8666e-004  -6.5708e-004  8.3285e-005  -1.9441e-003  -2.2941e-003  3.4997e-004  -6.9096e-004  8.7554e-004
  -1.0005e-003  -3.2278e-003  -1.5566e-003  -1.0008e-003  2.8617e-003  -1.9389e-003  -2.3311e-003  -7.2271e-004  -3.8723e-003
  -3.1645e-004  -3.2718e-003  1.4101e-004  -1.2391e-003  -7.8658e-004  -8.5721e-004  -1.3889e-003  1.1444e-003  8.5431e-004
  -1.3776e-003  -2.0533e-003  -1.1942e-003  -4.9283e-004  5.3404e-004  -7.6749e-004  6.8302e-004  -7.0631e-004  1.8998e-003
  2.4341e-003  2.1954e-004  -6.8293e-004  1.7758e-003  -1.8020e-003  1.8956e-003  1.2851e-003  1.5165e-003  1.5906e-003
  -3.4663e-003  6.1630e-004  -3.8041e-003  -3.7744e-004  -4.3618e-003  -1.2242e-003  -7.3862e-004  -2.1879e-003  -5.8318e-003
  -3.7342e-003  -2.7297e-003  -3.7702e-003  5.6532e-004  -3.6004e-004  -1.3148e-005  -2.6766e-003  -7.8650e-004  -1.5649e-003

 Columns 10 through 18:

  7.1236e-004  6.6950e-004  -1.4049e-004  -1.2225e-004  -1.4780e-004  -1.2409e-003  1.3648e-003  2.1537e-003  1.7302e-003
  3.2968e-003  5.1076e-003  1.4176e-003  2.9512e-003  1.7907e-003  1.3230e-003  3.4730e-003  5.8350e-003  4.0391e-003
  7.2882e-004  2.3601e-003  1.8190e-003  1.4921e-003  2.8269e-003  8.7906e-004  4.6490e-003  2.1308e-003  4.2200e-003
  -1.4332e-003  -3.8318e-003  -2.1764e-003  -1.8046e-003  8.6288e-004  -3.4921e-003  8.4632e-004  -2.4441e-003  -3.1346e-003
  -5.4807e-004  -2.0768e-003  -1.9772e-003  1.0599e-003  -5.4424e-004  -1.4383e-003  -2.7640e-003  1.6466e-003  -1.4153e-003
  -4.7184e-004  -1.0027e-003  -1.4146e-003  9.8308e-004  -1.4870e-003  -2.2654e-003  -7.8997e-004  -8.2704e-004  9.5833e-004
  -2.5693e-003  -1.4832e-003  9.2780e-005  -1.1635e-003  -6.0605e-005  -2.0265e-003  -5.0773e-004  -2.4001e-003  -6.3133e-004
  -6.3605e-004  1.7657e-003  2.2784e-003  3.4428e-003  3.0209e-003  1.4664e-003  -3.3811e-005  -4.9182e-004  2.7010e-003
  -3.8613e-004  1.4134e-003  4.1530e-004  -2.6890e-003  -2.1407e-003  2.9070e-003  8.8993e-005  -1.3031e-003  1.6398e-003
  -4.2551e-004  2.7511e-004  4.6801e-005  -2.0564e-003  -3.4918e-003  -3.5101e-005  -2.9858e-003  -3.2294e-003  -3.6574e-003

 Columns 19 through 26:

  1.5763e-003  1.5350e-003  8.8651e-004  1.1520e-004  3.7722e-004  -2.2234e-004  4.6618e-005  1.3787e-003
  4.9095e-003  2.4132e-003  1.9626e-003  3.1808e-003  -4.7579e-004  1.3298e-003  1.0472e-003  2.0895e-003
  2.7645e-003  -2.4003e-005  5.0377e-004  1.9397e-003  5.9610e-004  3.6949e-004  2.5116e-003  1.7333e-003
  -8.5464e-004  1.5551e-003  -1.4242e-003  1.6342e-003  -1.8083e-006  -4.3340e-004  -1.5103e-003  6.6170e-004
  8.1139e-004  2.8046e-003  2.0173e-003  1.9955e-003  -1.1384e-003  -1.6256e-003  -2.6794e-003  1.2847e-003
  8.0867e-004  1.0460e-003  -4.3693e-004  -2.2291e-003  1.3452e-003  -1.0499e-004  -2.3006e-004  3.0746e-004
  -1.6114e-003  -1.4536e-004  1.2378e-003  8.7573e-005  -2.8670e-003  -2.4320e-003  -6.2349e-004  -1.9108e-003
  1.2955e-003  1.9542e-003  7.8895e-004  -1.2853e-003  1.2878e-003  7.1976e-004  2.5998e-003  3.7886e-003
  -2.1392e-003  -6.2716e-003  -3.4440e-003  -5.6606e-003  4.3286e-003  3.4874e-003  -1.9957e-004  3.7308e-003
  -3.4805e-003  -3.6705e-003  -3.4783e-003  -6.5054e-004  7.3203e-004  -1.0953e-003  -1.8028e-003  -2.9389e-003

Iteration    20 | Cost: 7.657354e-001