Theta2_grad =

 Columns 1 through 9:

  -3.9319e-002  -1.2017e-002  -4.3118e-003  -3.8315e-002  -3.7352e-002  -3.9173e-002  -3.0229e-002  -3.7930e-002  -3.4637e-002
  -1.7930e-003  1.1179e-002  -1.9266e-003  -3.1979e-003  -3.5819e-003  -7.8134e-003  -5.0921e-004  1.6708e-003  -8.3310e-003
  -2.2391e-002  7.2630e-005  -1.7387e-003  -2.0573e-002  -1.0365e-002  -2.3631e-002  -6.1737e-003  -1.3853e-002  -1.7733e-002
  8.2252e-002  3.3617e-002  5.9860e-002  1.8389e-002  6.4461e-002  5.1396e-002  2.6112e-002  6.1009e-002  3.0075e-002
  2.9297e-002  1.1587e-002  1.4501e-002  1.4839e-002  2.2763e-002  1.6082e-002  1.1596e-002  1.8710e-002  1.0317e-002
  6.7558e-002  2.5938e-002  5.3704e-002  2.6743e-002  4.2826e-002  3.8866e-002  4.0630e-002  3.5241e-002  2.9998e-002
  1.4310e-002  3.8766e-003  1.1652e-002  3.3075e-003  1.5265e-002  1.1623e-002  3.9052e-003  1.2653e-002  8.0839e-003
  1.1364e-001  4.8841e-002  5.1727e-002  6.2714e-002  5.8050e-002  8.6922e-002  7.1442e-002  7.0536e-002  6.5298e-002
  1.7986e-001  7.5000e-002  1.0510e-001  4.1575e-002  1.3644e-001  1.3034e-001  3.6276e-002  1.5996e-001  6.3990e-002
  3.6451e-002  2.3818e-002  1.5555e-002  2.2427e-002  8.5742e-003  3.0035e-002  2.3701e-002  1.7598e-002  2.1709e-002

 Columns 10 through 18:

  -2.8985e-002  -3.4443e-002  -1.4922e-002  -8.8323e-003  -1.0085e-002  -3.7491e-002  -3.0300e-002  -3.3041e-002  -1.7537e-002
  -3.0210e-003  -4.0282e-003  2.3425e-003  1.7453e-003  9.6732e-003  5.6091e-003  1.5445e-003  -4.0144e-003  -3.9489e-003
  -4.4910e-003  -2.4092e-002  -5.6305e-003  -2.1113e-002  -1.2284e-002  -8.3703e-003  -8.4371e-003  -1.7334e-002  -1.7231e-002
  3.6468e-002  4.9078e-002  2.3050e-002  5.5791e-002  4.7783e-002  6.6932e-002  1.4463e-002  3.7338e-002  2.9292e-002
  8.9850e-003  1.6304e-002  4.8528e-003  1.6104e-002  2.1144e-002  1.4158e-002  1.0533e-002  2.3655e-002  1.6195e-002
  3.0879e-002  5.1023e-002  1.9568e-002  2.9211e-002  3.3212e-002  4.2991e-002  1.9988e-002  4.5171e-002  4.0628e-002
  3.4102e-003  1.3537e-002  7.1382e-003  1.0685e-002  8.6620e-003  1.1834e-002  2.9145e-003  6.6561e-003  8.4768e-003
  4.4054e-002  8.0129e-002  3.4018e-002  5.6091e-002  6.4130e-002  6.3545e-002  6.3716e-002  7.5462e-002  7.3452e-002
  8.1781e-002  1.0519e-001  5.5568e-002  1.4694e-001  9.5333e-002  1.5173e-001  4.1015e-002  7.9122e-002  7.3966e-002
  6.8626e-003  2.7903e-002  1.0004e-002  1.9596e-002  2.9687e-002  1.3583e-002  2.4948e-002  2.2861e-002  2.6881e-002

 Columns 19 through 26:

  -2.9886e-002  -3.3096e-003  -3.6446e-003  -2.9783e-002  -3.3382e-002  -2.7494e-002  -1.3707e-003  -5.7463e-003
  -2.8126e-003  7.2362e-004  -2.3132e-003  3.6916e-003  -1.2685e-002  -2.3891e-003  6.8892e-003  -9.7542e-004
  -2.1073e-002  -1.7128e-002  -1.9291e-003  -1.3308e-003  -7.2060e-003  -2.1820e-003  7.4449e-004  -1.8207e-002
  5.4687e-002  3.5783e-002  6.4819e-002  5.8537e-002  3.3194e-002  2.1887e-002  5.0797e-002  2.9595e-002
  2.4328e-002  2.0810e-002  1.5693e-002  1.6290e-002  6.7685e-003  4.6051e-003  6.5611e-003  1.7758e-002
  4.3389e-002  2.8572e-002  5.8261e-002  2.7409e-002  2.5646e-002  1.4064e-002  3.4715e-002  1.7413e-002
  6.9713e-003  1.0128e-003  1.3651e-002  1.0455e-002  -5.2719e-004  -2.5059e-003  9.8030e-003  -1.3777e-003
  8.3905e-002  5.5869e-002  5.9349e-002  4.2522e-002  4.5522e-002  3.4951e-002  3.8815e-002  5.6700e-002
  1.2994e-001  6.9219e-002  1.0903e-001  1.2258e-001  8.2251e-002  6.7356e-002  1.0556e-001  8.2132e-002
  2.7520e-002  2.3286e-002  2.1766e-002  8.3056e-003  5.2556e-003  3.5616e-003  1.2984e-002  2.2686e-002

Theta2_grad =

 Columns 1 through 9:

  -1.1171e-002  -2.8766e-003  3.5065e-003  -1.5679e-002  -1.2768e-002  -1.2931e-002  -1.3286e-002  -1.4519e-002  -1.1926e-002
  -5.0509e-003  1.1355e-002  -5.6723e-003  -6.0495e-003  -5.7039e-003  -8.7191e-003  -5.5177e-003  4.7430e-003  -1.0806e-002
  -5.2311e-003  1.0305e-002  6.0721e-003  -1.2278e-002  -3.9613e-003  -1.0120e-002  3.7285e-003  -2.5662e-003  -8.6113e-003
  1.8439e-002  7.9822e-003  8.4448e-003  7.2973e-003  1.3209e-002  9.2334e-003  9.9759e-003  9.2192e-003  1.2015e-002
  1.2303e-002  1.8595e-004  6.4783e-003  7.8761e-003  1.5541e-002  2.8623e-003  2.5842e-003  3.8069e-003  1.0833e-003
  2.1796e-002  4.2567e-003  1.5415e-002  4.5833e-003  9.6154e-003  1.5856e-002  9.8904e-003  1.4761e-002  1.1949e-002
  3.5577e-003  -1.6103e-004  6.7579e-003  2.7945e-003  6.7655e-003  4.5438e-003  3.5977e-003  1.6017e-003  6.3065e-003
  3.5349e-002  1.1292e-002  1.2665e-002  1.8897e-002  8.6707e-003  1.8558e-002  3.3112e-002  1.5499e-002  1.3173e-002
  4.2596e-002  1.7779e-002  2.1476e-002  1.1939e-002  2.8261e-002  2.9654e-002  1.2482e-002  3.4755e-002  1.3802e-002
  6.6492e-003  2.8324e-003  -2.3560e-003  1.2084e-002  3.6855e-003  1.1801e-002  1.7695e-003  1.6291e-003  1.0521e-002

 Columns 10 through 18:

  -1.1669e-002  -1.1475e-002  -5.4315e-003  8.0495e-004  -8.6988e-004  -1.4033e-002  -1.3266e-002  -1.0676e-002  -3.7380e-003
  -6.4951e-003  -7.8682e-003  1.8971e-003  3.4818e-003  1.0045e-002  5.4512e-003  9.4139e-004  -8.0188e-003  -7.3869e-003
  -2.0825e-003  -1.3079e-002  -9.0339e-004  -1.1540e-002  1.4039e-003  -6.4336e-004  1.5297e-003  -6.3097e-003  -5.3651e-003
  1.0136e-002  4.6338e-003  -4.8554e-004  7.0895e-003  1.2480e-002  9.9830e-003  7.3405e-003  7.5296e-003  1.5856e-003
  7.9849e-003  6.2742e-003  -1.1066e-003  5.0189e-003  7.3583e-003  2.1313e-003  4.8773e-004  1.5478e-002  6.2693e-003
  9.1540e-003  1.3234e-002  3.3151e-003  1.4192e-002  7.8828e-003  8.0209e-003  9.4785e-003  1.4280e-002  1.9034e-002
  -1.2700e-003  1.0703e-002  4.1826e-003  3.0039e-004  2.7748e-003  2.5561e-003  1.3207e-003  3.9153e-003  7.5336e-003
  1.6808e-002  2.3684e-002  9.6996e-003  1.9680e-002  2.1207e-002  1.9150e-002  1.5835e-002  1.8356e-002  1.7606e-002
  2.8476e-002  2.2159e-002  9.3232e-003  3.1965e-002  1.7677e-002  3.4975e-002  1.3384e-002  2.2067e-002  1.9596e-002
  2.0254e-003  1.2944e-002  3.6874e-003  5.2570e-003  3.9865e-003  3.3615e-003  4.5371e-003  3.4146e-003  4.5750e-003

 Columns 19 through 26:

  -8.9376e-003  2.1671e-003  5.0769e-003  -1.0337e-002  -1.3561e-002  -1.3242e-002  2.8568e-003  1.6348e-003
  -5.3371e-003  -1.6455e-003  -5.8228e-003  4.2057e-003  -1.6100e-002  -4.5797e-003  5.3450e-003  -1.9305e-003
  -7.1263e-003  -6.9467e-003  1.0151e-002  3.9878e-003  -5.0217e-003  1.4370e-004  7.1457e-003  -8.1381e-003
  1.6822e-002  1.5678e-002  1.0176e-002  1.6080e-002  1.5479e-002  9.6249e-003  7.2990e-003  1.4681e-002
  1.3033e-002  1.4231e-002  6.3990e-003  8.4471e-003  5.2754e-003  2.5974e-003  -1.5022e-003  9.3224e-003
  1.8498e-002  1.0758e-002  1.6116e-002  4.5865e-003  1.1264e-002  7.3176e-003  1.0031e-002  1.2112e-002
  1.6339e-004  -4.7758e-003  8.8029e-003  9.7912e-004  -6.3922e-003  -8.0048e-003  3.7165e-003  -7.9148e-003
  2.8837e-002  2.9666e-002  1.4507e-002  4.8412e-003  1.9671e-002  1.7756e-002  1.8583e-002  2.2191e-002
  3.6381e-002  1.8009e-002  1.8947e-002  2.4524e-002  2.8510e-002  2.7076e-002  2.4642e-002  2.6940e-002
  5.1300e-003  1.5536e-003  -2.6891e-003  1.6339e-003  1.7596e-003  -1.1997e-003  7.3027e-004  2.4234e-003

Iteration    10 | Cost: 1.478030e+000