ans =

  -0.761004  -0.617852  -0.689341  -0.678325  -0.596643  -0.877949  -0.527465  -0.749015  -0.666547  -0.460891
  -1.212445   0.615592  -1.945382   0.462992  -2.044818   0.434411   1.215643  -0.722491   0.536018  -1.439450
  -0.101871  -1.265506   2.013606   0.584923   2.056984  -0.931610  -1.500960  -3.152282   1.303076  -1.218095
  -2.368501   1.857454  -3.123162  -0.165018   1.951009   0.183908  -2.031954   0.365778  -1.033727   0.710930
  -1.057781  -0.918533  -0.236176   1.932642   0.176377  -0.360782  -1.523667   0.198114  -4.030848   0.452169
  -2.208236  -0.055026   1.386809  -0.229658  -2.161412   0.619581  -2.437321  -0.730599   0.581735  -0.359534
   0.563838  -0.385898   0.909824  -1.847315  -0.403947   0.386249  -2.375703   1.652639  -2.657179   0.622850
   1.211053   1.295209  -1.547744   0.490118   1.801575  -2.651503  -1.399873  -2.300357   0.803800  -0.670053
   2.210310  -1.568433  -0.798309   1.071461  -1.562787   2.297108  -0.887353  -1.874682  -1.092419  -0.706914
   0.444562  -0.970264  -0.655998  -3.319056  -0.252530  -2.088181  -0.632789   0.980954   2.499101   0.063114
  -1.182449  -2.183349   0.735383   1.541135   0.235865  -1.863823   1.504502  -1.588252   0.362008  -1.231991
   1.042891  -2.850336  -2.585933   0.373719   0.716567   1.060578  -1.580763   1.354341   0.661953  -1.746452
  -1.605588  -2.077331   0.472108  -0.864847   1.076891   0.775621   0.585992   2.178953  -0.921605  -2.719609
   1.304199   1.631632   0.553495  -2.582735  -0.354573   2.134686  -0.775404  -1.992398  -0.831237  -2.214372
   1.371750   0.349023   2.512555   0.970624  -1.677431  -1.149737   0.942573  -2.003714  -2.002010  -1.693075
   1.748251   1.827891  -2.416745  -0.510219  -0.129393  -0.520814   2.109197  -0.388613  -2.948975  -0.909274
  -0.233656  -2.441744  -1.638986  -0.684279  -0.674888   0.997434   0.544791  -2.339930   0.645642   0.878523
  -1.520145  -0.856303   1.202730  -1.647136   1.140665  -1.483094   0.437736  -2.917191  -1.101147   1.186648
   1.153242  -0.298256  -1.202459   0.211531   1.324312  -2.313942  -1.280242   0.993986   0.745103  -1.870413
   0.103681  -2.079479  -1.834460  -0.274224   3.211585   0.295173  -0.043610  -2.704768   0.585067   0.397963
  -0.372077  -1.293324  -1.880130   1.725998  -2.158889  -0.387049   1.477500  -1.271398  -1.995453   1.721139
  -0.615300   0.899820  -0.340561   1.324187  -2.601641  -2.206077  -1.132769   1.860915   0.625911  -1.369341
  -0.125684   0.283066   0.236925  -2.639845  -3.222647   0.307022  -0.728469  -1.205194   1.805961   0.858067
  -2.271930   2.311805  -1.061379  -0.080559  -1.896129  -1.176461   0.047347  -0.380142  -0.223093  -0.247796
  -0.718362  -2.464441   1.027592  -2.035108  -0.874881  -1.634630   1.657457   0.708718  -1.404421   1.280091
  -1.296903   1.456565  -0.476908  -1.461238   2.510386  -0.824677   1.685409  -2.110140  -2.131915  -1.327520

